[Level]
6
[Type]
4
[Limit]
20
[GoalScore]
1000
[Shape]
1,1,0,1,0,1,0,1,1,
1,1,1,1,1,1,1,1,1,
1,1,1,1,1,1,1,1,1,
1,1,1,1,1,1,1,1,1,
1,1,1,1,1,1,1,1,1,
1,1,1,1,1,1,1,1,1,
1,1,1,1,1,1,1,1,1,
1,1,1,1,1,1,1,1,1,
1,1,0,1,0,1,0,1,1,
[OneFrequency]
30
[TwoFrequency]
30
[ThreeFrequency]
40
[FourFrequency]
0
[FiveFrequency]
0
[SixFrequency]
0
[XTwoFrequency]
20
[XThreeFrequency]
20
[Reset]
1
[Remove]
1
[Swap]
1
[SixStartPosition]
0,0,1,0,1,0,1,0,0,
0,0,0,0,0,0,0,0,0,
0,0,0,0,0,0,0,0,0,
0,0,0,0,0,0,0,0,0,
0,0,0,0,0,0,0,0,0,
0,0,0,0,0,0,0,0,0,
0,0,0,0,0,0,0,0,0,
0,0,0,0,0,0,0,0,0,
0,0,0,0,0,0,0,0,0,
[SixEndPosition]
0,0,0,0,0,0,0,0,0,
0,0,0,0,0,0,0,0,0,
0,0,0,0,0,0,0,0,0,
0,0,0,0,0,0,0,0,0,
0,0,0,0,0,0,0,0,0,
0,0,0,0,0,0,0,0,0,
0,0,0,0,0,0,0,0,0,
0,0,0,0,0,0,0,0,0,
0,0,1,0,1,0,1,0,0,
