[Level]
4
[Type]
4
[Limit]
20
[GoalScore]
1000
[Shape]
0,0,0,0,0,0,0,0,0,
0,1,1,0,0,0,1,1,0,
0,1,1,1,1,1,1,1,0,
0,1,1,1,1,1,1,1,0,
0,1,1,1,1,1,1,1,0,
0,1,1,1,1,1,1,1,0,
0,1,1,1,1,1,1,1,0,
0,1,1,0,0,0,1,1,0,
0,0,0,0,0,0,0,0,0,
[OneFrequency]
10
[TwoFrequency]
30
[ThreeFrequency]
30
[FourFrequency]
30
[FiveFrequency]
0
[SixFrequency]
0
[XTwoFrequency]
20
[XThreeFrequency]
20
[Reset]
2
[Remove]
2
[Swap]
2
[SixStartPosition]
0,0,0,0,0,0,0,0,0,
0,0,0,1,1,1,0,0,0,
0,0,0,0,0,0,0,0,0,
0,0,0,0,0,0,0,0,0,
0,0,0,0,0,0,0,0,0,
0,0,0,0,0,0,0,0,0,
0,0,0,0,0,0,0,0,0,
0,0,0,0,0,0,0,0,0,
0,0,0,0,0,0,0,0,0,
[SixEndPosition]
0,0,0,0,0,0,0,0,0,
0,0,0,0,0,0,0,0,0,
0,0,0,0,0,0,0,0,0,
0,0,0,0,0,0,0,0,0,
0,0,0,0,0,0,0,0,0,
0,0,0,0,0,0,0,0,0,
0,0,0,0,0,0,0,0,0,
0,0,0,1,1,1,0,0,0,
0,0,0,0,0,0,0,0,0,
