[Level]
8
[Type]
3
[Limit]
30
[GoalScore]
1000
[Shape]
0,0,0,1,1,1,1,1,1,
0,0,0,1,1,1,1,1,1,
0,0,0,1,1,1,1,1,1,
1,1,1,0,0,0,1,1,1,
1,1,1,0,0,0,1,1,1,
1,1,1,0,0,0,1,1,1,
1,1,1,1,1,1,0,0,0,
1,1,1,1,1,1,0,0,0,
1,1,1,1,1,1,0,0,0,
[OneFrequency]
10
[TwoFrequency]
40
[ThreeFrequency]
50
[FourFrequency]
0
[FiveFrequency]
0
[SixFrequency]
0
[XTwoFrequency]
20
[XThreeFrequency]
20
[Reset]
1
[Remove]
1
[Swap]
1
[SixStartPosition]
0,0,0,0,0,0,0,0,0,
0,0,0,0,0,0,0,0,0,
0,0,0,0,0,0,0,0,0,
0,0,0,0,0,0,0,0,0,
0,0,0,0,0,0,0,0,0,
0,0,0,0,0,0,0,0,0,
0,0,0,0,0,0,0,0,0,
0,0,0,0,0,0,0,0,0,
0,0,0,0,0,0,0,0,0,
[SixEndPosition]
0,0,0,0,0,0,0,0,0,
0,0,0,0,0,0,0,0,0,
0,0,0,0,0,0,0,0,0,
0,0,0,0,0,0,0,0,0,
0,0,0,0,0,0,0,0,0,
0,0,0,0,0,0,0,0,0,
0,0,0,0,0,0,0,0,0,
0,0,0,0,0,0,0,0,0,
0,0,0,0,0,0,0,0,0,
