[Level]
5
[Type]
4
[Limit]
20
[GoalScore]
1000
[Shape]
1,0,1,0,0,0,1,0,1,
1,0,1,0,0,0,1,0,1,
1,1,1,0,0,0,1,1,1,
1,0,1,0,0,0,1,0,1,
1,1,1,0,0,0,1,1,1,
1,1,1,0,0,0,1,1,1,
1,1,1,0,0,0,1,1,1,
1,0,1,0,0,0,1,0,1,
1,1,1,0,0,0,1,1,1,
[OneFrequency]
15
[TwoFrequency]
20
[ThreeFrequency]
30
[FourFrequency]
20
[FiveFrequency]
15
[SixFrequency]
0
[XTwoFrequency]
50
[XThreeFrequency]
50
[Reset]
5
[Remove]
5
[Swap]
5
[SixStartPosition]
0,1,0,0,0,0,0,1,0,
0,1,0,0,0,0,0,1,0,
0,0,0,0,0,0,0,0,0,
0,0,0,0,0,0,0,0,0,
0,0,0,0,0,0,0,0,0,
0,0,0,0,0,0,0,0,0,
0,0,0,0,0,0,0,0,0,
0,0,0,0,0,0,0,0,0,
0,0,0,0,0,0,0,0,0,
[SixEndPosition]
0,0,0,0,0,0,0,0,0,
0,0,0,0,0,0,0,0,0,
0,0,0,0,0,0,0,0,0,
0,1,0,0,0,0,0,1,0,
0,0,0,0,0,0,0,0,0,
0,0,0,0,0,0,0,0,0,
0,0,0,0,0,0,0,0,0,
0,1,0,0,0,0,0,1,0,
0,0,0,0,0,0,0,0,0,
