[Level]
9
[Type]
1
[Limit]
20
[GoalScore]
1000
[Shape]
0,0,1,1,1,1,1,0,0,
0,0,1,1,1,1,1,0,0,
1,1,1,1,1,1,1,1,1,
1,1,1,0,0,0,1,1,1,
1,1,1,0,0,0,1,1,1,
1,1,1,0,0,0,1,1,1,
1,1,1,1,1,1,1,1,1,
0,0,1,1,1,1,1,0,0,
0,0,1,1,1,1,1,0,0,
[OneFrequency]
30
[TwoFrequency]
30
[ThreeFrequency]
0
[FourFrequency]
20
[FiveFrequency]
20
[SixFrequency]
0
[XTwoFrequency]
10
[XThreeFrequency]
10
[Reset]
2
[Remove]
2
[Swap]
2
[SixStartPosition]
0,0,0,0,0,0,0,0,0,
0,0,0,0,0,0,0,0,0,
0,0,0,0,0,0,0,0,0,
0,0,0,0,0,0,0,0,0,
0,0,0,0,0,0,0,0,0,
0,0,0,0,0,0,0,0,0,
0,0,0,0,0,0,0,0,0,
0,0,0,0,0,0,0,0,0,
0,0,0,0,0,0,0,0,0,
[SixEndPosition]
0,0,0,0,0,0,0,0,0,
0,0,0,0,0,0,0,0,0,
0,0,0,0,0,0,0,0,0,
0,0,0,0,0,0,0,0,0,
0,0,0,0,0,0,0,0,0,
0,0,0,0,0,0,0,0,0,
0,0,0,0,0,0,0,0,0,
0,0,0,0,0,0,0,0,0,
0,0,0,0,0,0,0,0,0,
