[Level]
2
[Type]
2
[Limit]
30
[GoalScore]
1000
[Shape]
0,1,1,0,0,0,1,1,0,
1,1,1,1,0,1,1,1,1,
1,1,1,1,1,1,1,1,1,
1,1,1,1,1,1,1,1,1,
1,1,1,1,1,1,1,1,1,
0,1,1,1,1,1,1,1,0,
0,0,1,1,1,1,1,0,0,
0,0,0,1,1,1,0,0,0,
0,0,0,0,1,0,0,0,0,
[OneFrequency]
50
[TwoFrequency]
50
[ThreeFrequency]
0
[FourFrequency]
0
[FiveFrequency]
0
[SixFrequency]
0
[XTwoFrequency]
10
[XThreeFrequency]
10
[Reset]
1
[Remove]
1
[Swap]
1
[SixStartPosition]
0,0,0,0,0,0,0,0,0,
0,0,0,0,0,0,0,0,0,
0,0,0,0,0,0,0,0,0,
0,0,0,0,0,0,0,0,0,
0,0,0,0,0,0,0,0,0,
0,0,0,0,0,0,0,0,0,
0,0,0,0,0,0,0,0,0,
0,0,0,0,0,0,0,0,0,
0,0,0,0,0,0,0,0,0,
[SixEndPosition]
0,0,0,0,0,0,0,0,0,
0,0,0,0,0,0,0,0,0,
0,0,0,0,0,0,0,0,0,
0,0,0,0,0,0,0,0,0,
0,0,0,0,0,0,0,0,0,
0,0,0,0,0,0,0,0,0,
0,0,0,0,0,0,0,0,0,
0,0,0,0,0,0,0,0,0,
0,0,0,0,0,0,0,0,0,
